m1=2000;
m2=250;
k1=60000;
k2=300000;
b=300;